(kicad_pcb (version 4) (host pcbnew "(after 2015-mar-04 BZR unknown)-product")

  (general
    (links 442)
    (no_connects 1)
    (area 19.785372 88.089739 131.376115 158.7333)
    (thickness 1.6002)
    (drawings 24)
    (tracks 2819)
    (zones 0)
    (modules 65)
    (nets 228)
  )

  (page A4)
  (title_block
    (title Wasca)
    (date 04.06.2015)
    (rev 2)
    (company hitomi2500)
    (comment 2 "Distributed under GNU GENERAL PUBLIC LICENSE Version 2")
  )

  (layers
    (0 Front signal)
    (31 Back signal)
    (32 B.Adhes user)
    (33 F.Adhes user)
    (34 B.Paste user)
    (35 F.Paste user)
    (36 B.SilkS user)
    (37 F.SilkS user)
    (38 B.Mask user)
    (39 F.Mask user)
    (40 Dwgs.User user)
    (41 Cmts.User user)
    (42 Eco1.User user)
    (43 Eco2.User user)
    (44 Edge.Cuts user)
    (45 Margin user)
    (46 B.CrtYd user)
    (47 F.CrtYd user)
    (48 B.Fab user)
    (49 F.Fab user)
  )

  (setup
    (last_trace_width 0.2032)
    (user_trace_width 0.4064)
    (user_trace_width 0.635)
    (user_trace_width 0.889)
    (trace_clearance 0.2032)
    (zone_clearance 0.508)
    (zone_45_only no)
    (trace_min 0.2032)
    (segment_width 0.381)
    (edge_width 0.381)
    (via_size 0.889)
    (via_drill 0.381)
    (via_min_size 0.889)
    (via_min_drill 0.381)
    (uvia_size 0.508)
    (uvia_drill 0.127)
    (uvias_allowed no)
    (uvia_min_size 0.508)
    (uvia_min_drill 0.127)
    (pcb_text_width 0.3048)
    (pcb_text_size 1.524 2.032)
    (mod_edge_width 0.381)
    (mod_text_size 1.524 1.524)
    (mod_text_width 0.3048)
    (pad_size 5 5)
    (pad_drill 0.762)
    (pad_to_mask_clearance 0.254)
    (aux_axis_origin 26.85796 172.2501)
    (visible_elements 7FFF7BFF)
    (pcbplotparams
      (layerselection 0x020f0_80000001)
      (usegerberextensions true)
      (excludeedgelayer true)
      (linewidth 0.150000)
      (plotframeref false)
      (viasonmask false)
      (mode 1)
      (useauxorigin false)
      (hpglpennumber 1)
      (hpglpenspeed 20)
      (hpglpendiameter 15)
      (hpglpenoverlay 0)
      (psnegative false)
      (psa4output false)
      (plotreference true)
      (plotvalue true)
      (plotinvisibletext false)
      (padsonsilk false)
      (subtractmaskfromsilk false)
      (outputformat 1)
      (mirror false)
      (drillshape 0)
      (scaleselection 1)
      (outputdirectory output/))
  )

  (net 0 "")
  (net 1 /+5V)
  (net 2 GND)
  (net 3 /+3_3V)
  (net 4 "Net-(C23-Pad1)")
  (net 5 "Net-(C25-Pad1)")
  (net 6 "Net-(C44-Pad1)")
  (net 7 "Net-(C46-Pad1)")
  (net 8 "Net-(C48-Pad1)")
  (net 9 "Net-(CN1-PadB3)")
  (net 10 "Net-(CN1-PadB4)")
  (net 11 "Net-(CN1-PadB5)")
  (net 12 "Net-(CN1-PadB6)")
  (net 13 "Net-(CN1-PadB9)")
  (net 14 "Net-(CN1-PadB10)")
  (net 15 "Net-(CN1-PadB11)")
  (net 16 "Net-(CN1-PadB12)")
  (net 17 "Net-(CN1-PadB14)")
  (net 18 "Net-(CN1-PadB15)")
  (net 19 "Net-(CN1-PadB16)")
  (net 20 "Net-(CN1-PadB17)")
  (net 21 "Net-(CN1-PadB19)")
  (net 22 "Net-(CN1-PadB20)")
  (net 23 "Net-(CN1-PadB21)")
  (net 24 "Net-(CN1-PadB22)")
  (net 25 "Net-(CN1-PadB24)")
  (net 26 "Net-(CN1-PadB25)")
  (net 27 "Net-(CN1-PadB26)")
  (net 28 "Net-(CN1-PadB28)")
  (net 29 "Net-(CN1-PadB30)")
  (net 30 /ABUS_A24)
  (net 31 /ABUS_A22)
  (net 32 /ABUS_A20)
  (net 33 /ABUS_A18)
  (net 34 /ABUS_A16)
  (net 35 /RESET)
  (net 36 "Net-(CN1-PadA4)")
  (net 37 "Net-(CN1-PadA5)")
  (net 38 "Net-(CN1-PadA6)")
  (net 39 "Net-(CN1-PadA9)")
  (net 40 "Net-(CN1-PadA10)")
  (net 41 "Net-(CN1-PadA11)")
  (net 42 "Net-(CN1-PadA12)")
  (net 43 "Net-(CN1-PadA14)")
  (net 44 "Net-(CN1-PadA15)")
  (net 45 "Net-(CN1-PadA16)")
  (net 46 "Net-(CN1-PadA17)")
  (net 47 "Net-(CN1-PadA19)")
  (net 48 "Net-(CN1-PadA20)")
  (net 49 "Net-(CN1-PadA21)")
  (net 50 "Net-(CN1-PadA22)")
  (net 51 "Net-(CN1-PadA24)")
  (net 52 "Net-(CN1-PadA25)")
  (net 53 "Net-(CN1-PadA26)")
  (net 54 "Net-(CN1-PadA30)")
  (net 55 /ABUS_A25)
  (net 56 /ABUS_A23)
  (net 57 /ABUS_A21)
  (net 58 /ABUS_A19)
  (net 59 /ABUS_A17)
  (net 60 /ABUS_A15)
  (net 61 /ABUS_A12)
  (net 62 /ABUS_A13)
  (net 63 /ABUS_A8)
  (net 64 /ABUS_A9)
  (net 65 /ABUS_A11)
  (net 66 /ABUS_A10)
  (net 67 /ABUS_A1)
  (net 68 /ABUS_CS0)
  (net 69 /ABUS_CS2)
  (net 70 /ABUS_WR0)
  (net 71 /ABUS_FC0)
  (net 72 /ABUS_TIM0)
  (net 73 /ABUS_TIM2)
  (net 74 /ABUS_AS)
  (net 75 /ABUS_D0)
  (net 76 /ABUS_D1)
  (net 77 /ABUS_D2)
  (net 78 /ABUS_D3)
  (net 79 /ABUS_D8)
  (net 80 /ABUS_D9)
  (net 81 /ABUS_D10)
  (net 82 /ABUS_D11)
  (net 83 "Net-(CN1-PadA66)")
  (net 84 /ABUS_A14)
  (net 85 /ABUS_A7)
  (net 86 /ABUS_A6)
  (net 87 /ABUS_A5)
  (net 88 /ABUS_A4)
  (net 89 /ABUS_A3)
  (net 90 /ABUS_A2)
  (net 91 /ABUS_A0)
  (net 92 /ABUS_RD)
  (net 93 /ABUS_CS1)
  (net 94 /ABUS_WR1)
  (net 95 /ABUS_FC1)
  (net 96 /ABUS_TIM1)
  (net 97 /ABUS_WAIT)
  (net 98 /ABUS_IRQ)
  (net 99 "Net-(CN1-PadB66)")
  (net 100 "Net-(CON1-Pad1)")
  (net 101 "Net-(CON1-Pad2)")
  (net 102 "Net-(CON1-Pad5)")
  (net 103 "Net-(CON1-Pad7)")
  (net 104 "Net-(CON1-Pad8)")
  (net 105 "Net-(CON1-Pad9)")
  (net 106 "Net-(CON1-Pad10)")
  (net 107 "Net-(CON1-Pad11)")
  (net 108 /USB_VBUS)
  (net 109 "Net-(CON2-Pad4)")
  (net 110 /SDR_DQ0)
  (net 111 /SDR_DQ1)
  (net 112 /SDR_DQ2)
  (net 113 /SDR_DQ3)
  (net 114 /SDR_DQ4)
  (net 115 /SDR_DQ5)
  (net 116 /SDR_DQ6)
  (net 117 /SDR_DQ7)
  (net 118 /SDR_DQML)
  (net 119 /SDR_WE)
  (net 120 /SDR_CAS)
  (net 121 /SDR_RAS)
  (net 122 /SDR_CS)
  (net 123 /SDR_BA0)
  (net 124 /SDR_BA1)
  (net 125 /SDR_A10)
  (net 126 /SDR_A0)
  (net 127 /SDR_A1)
  (net 128 /SDR_A2)
  (net 129 /SDR_A3)
  (net 130 /SDR_A4)
  (net 131 /SDR_A5)
  (net 132 /SDR_A6)
  (net 133 /SDR_A7)
  (net 134 /SDR_A8)
  (net 135 /SDR_A9)
  (net 136 /SDR_A11)
  (net 137 /SDR_CKE)
  (net 138 /SDR_CLK)
  (net 139 /SDR_DQMH)
  (net 140 /SDR_DQ8)
  (net 141 /SDR_DQ9)
  (net 142 /SDR_DQ10)
  (net 143 /SDR_DQ11)
  (net 144 /SDR_DQ12)
  (net 145 /SDR_DQ13)
  (net 146 /SDR_DQ14)
  (net 147 /SDR_DQ15)
  (net 148 "Net-(R6-Pad2)")
  (net 149 "Net-(R7-Pad2)")
  (net 150 "Net-(R8-Pad1)")
  (net 151 /ABUS_3V_MUX_DATA_DIR)
  (net 152 /ABUS_3V_MUX_EN2)
  (net 153 /ABUS_3V_MUX15)
  (net 154 /ABUS_3V_MUX14)
  (net 155 /ABUS_3V_MUX13)
  (net 156 /ABUS_3V_MUX12)
  (net 157 /ABUS_3V_MUX11)
  (net 158 /ABUS_3V_MUX10)
  (net 159 /ABUS_3V_MUX9)
  (net 160 /ABUS_3V_MUX8)
  (net 161 /ABUS_3V_MUX_EN1)
  (net 162 /ABUS_3V_A19)
  (net 163 /ABUS_3V_A21)
  (net 164 /ABUS_3V_A23)
  (net 165 /ABUS_3V_A25)
  (net 166 /ABUS_3V_AS)
  (net 167 /ABUS_3V_TIM2)
  (net 168 /ABUS_3V_TIM0)
  (net 169 /ABUS_3V_FC0)
  (net 170 /ABUS_3V_WR0)
  (net 171 /ABUS_3V_CS2)
  (net 172 /ABUS_3V_CS0)
  (net 173 /ABUS_3V_TIM1)
  (net 174 /ABUS_3V_FC1)
  (net 175 /ABUS_3V_WR1)
  (net 176 /ABUS_3V_CS1)
  (net 177 /ABUS_3V_RD)
  (net 178 /ABUS_3V_MUX7)
  (net 179 /ABUS_3V_MUX6)
  (net 180 /ABUS_3V_MUX5)
  (net 181 /ABUS_3V_MUX4)
  (net 182 /ABUS_3V_MUX3)
  (net 183 /ABUS_3V_MUX2)
  (net 184 /ABUS_3V_MUX1)
  (net 185 /ABUS_3V_MUX0)
  (net 186 "Net-(U4-Pad13)")
  (net 187 "Net-(U4-Pad14)")
  (net 188 "Net-(U4-Pad16)")
  (net 189 "Net-(U4-Pad17)")
  (net 190 "Net-(U4-Pad19)")
  (net 191 "Net-(U4-Pad20)")
  (net 192 /ABUS_3V_IRQ)
  (net 193 /ABUS_3V_WAIT)
  (net 194 /RESET_3V)
  (net 195 /ABUS_3V_A16)
  (net 196 /ABUS_3V_A18)
  (net 197 /ABUS_3V_A20)
  (net 198 /ABUS_3V_A22)
  (net 199 /ABUS_3V_A24)
  (net 200 /ABUS_3V_A17)
  (net 201 /JTAG_TMS)
  (net 202 /JTAG_TCK)
  (net 203 /JTAG_TDI)
  (net 204 /JTAG_TDO)
  (net 205 "Net-(U6-Pad122)")
  (net 206 "Net-(U6-Pad126)")
  (net 207 "Net-(U6-Pad129)")
  (net 208 "Net-(U7-Pad1)")
  (net 209 "Net-(U7-Pad7)")
  (net 210 "Net-(U7-Pad16)")
  (net 211 /ABUS_D7)
  (net 212 /ABUS_D6)
  (net 213 /ABUS_D5)
  (net 214 /ABUS_D4)
  (net 215 /ABUS_D15)
  (net 216 /ABUS_D14)
  (net 217 /ABUS_D13)
  (net 218 /ABUS_D12)
  (net 219 /SDR_A12)
  (net 220 "Net-(U6-Pad84)")
  (net 221 /USB_CBUS1)
  (net 222 /USB_CBUS0)
  (net 223 /USB_SDA)
  (net 224 /USB_SCL)
  (net 225 /SCSPCLK)
  (net 226 "Net-(CN1-PadA28)")
  (net 227 /SCSPCLK_3V)

  (net_class Default "This is the default net class."
    (clearance 0.2032)
    (trace_width 0.2032)
    (via_dia 0.889)
    (via_drill 0.381)
    (uvia_dia 0.508)
    (uvia_drill 0.127)
    (add_net /+3_3V)
    (add_net /+5V)
    (add_net /ABUS_3V_A16)
    (add_net /ABUS_3V_A17)
    (add_net /ABUS_3V_A18)
    (add_net /ABUS_3V_A19)
    (add_net /ABUS_3V_A20)
    (add_net /ABUS_3V_A21)
    (add_net /ABUS_3V_A22)
    (add_net /ABUS_3V_A23)
    (add_net /ABUS_3V_A24)
    (add_net /ABUS_3V_A25)
    (add_net /ABUS_3V_AS)
    (add_net /ABUS_3V_CS0)
    (add_net /ABUS_3V_CS1)
    (add_net /ABUS_3V_CS2)
    (add_net /ABUS_3V_FC0)
    (add_net /ABUS_3V_FC1)
    (add_net /ABUS_3V_IRQ)
    (add_net /ABUS_3V_MUX0)
    (add_net /ABUS_3V_MUX1)
    (add_net /ABUS_3V_MUX10)
    (add_net /ABUS_3V_MUX11)
    (add_net /ABUS_3V_MUX12)
    (add_net /ABUS_3V_MUX13)
    (add_net /ABUS_3V_MUX14)
    (add_net /ABUS_3V_MUX15)
    (add_net /ABUS_3V_MUX2)
    (add_net /ABUS_3V_MUX3)
    (add_net /ABUS_3V_MUX4)
    (add_net /ABUS_3V_MUX5)
    (add_net /ABUS_3V_MUX6)
    (add_net /ABUS_3V_MUX7)
    (add_net /ABUS_3V_MUX8)
    (add_net /ABUS_3V_MUX9)
    (add_net /ABUS_3V_MUX_DATA_DIR)
    (add_net /ABUS_3V_MUX_EN1)
    (add_net /ABUS_3V_MUX_EN2)
    (add_net /ABUS_3V_RD)
    (add_net /ABUS_3V_TIM0)
    (add_net /ABUS_3V_TIM1)
    (add_net /ABUS_3V_TIM2)
    (add_net /ABUS_3V_WAIT)
    (add_net /ABUS_3V_WR0)
    (add_net /ABUS_3V_WR1)
    (add_net /ABUS_A0)
    (add_net /ABUS_A1)
    (add_net /ABUS_A10)
    (add_net /ABUS_A11)
    (add_net /ABUS_A12)
    (add_net /ABUS_A13)
    (add_net /ABUS_A14)
    (add_net /ABUS_A15)
    (add_net /ABUS_A16)
    (add_net /ABUS_A17)
    (add_net /ABUS_A18)
    (add_net /ABUS_A19)
    (add_net /ABUS_A2)
    (add_net /ABUS_A20)
    (add_net /ABUS_A21)
    (add_net /ABUS_A22)
    (add_net /ABUS_A23)
    (add_net /ABUS_A24)
    (add_net /ABUS_A25)
    (add_net /ABUS_A3)
    (add_net /ABUS_A4)
    (add_net /ABUS_A5)
    (add_net /ABUS_A6)
    (add_net /ABUS_A7)
    (add_net /ABUS_A8)
    (add_net /ABUS_A9)
    (add_net /ABUS_AS)
    (add_net /ABUS_CS0)
    (add_net /ABUS_CS1)
    (add_net /ABUS_CS2)
    (add_net /ABUS_D0)
    (add_net /ABUS_D1)
    (add_net /ABUS_D10)
    (add_net /ABUS_D11)
    (add_net /ABUS_D12)
    (add_net /ABUS_D13)
    (add_net /ABUS_D14)
    (add_net /ABUS_D15)
    (add_net /ABUS_D2)
    (add_net /ABUS_D3)
    (add_net /ABUS_D4)
    (add_net /ABUS_D5)
    (add_net /ABUS_D6)
    (add_net /ABUS_D7)
    (add_net /ABUS_D8)
    (add_net /ABUS_D9)
    (add_net /ABUS_FC0)
    (add_net /ABUS_FC1)
    (add_net /ABUS_IRQ)
    (add_net /ABUS_RD)
    (add_net /ABUS_TIM0)
    (add_net /ABUS_TIM1)
    (add_net /ABUS_TIM2)
    (add_net /ABUS_WAIT)
    (add_net /ABUS_WR0)
    (add_net /ABUS_WR1)
    (add_net /JTAG_TCK)
    (add_net /JTAG_TDI)
    (add_net /JTAG_TDO)
    (add_net /JTAG_TMS)
    (add_net /RESET)
    (add_net /RESET_3V)
    (add_net /SCSPCLK)
    (add_net /SCSPCLK_3V)
    (add_net /SDR_A0)
    (add_net /SDR_A1)
    (add_net /SDR_A10)
    (add_net /SDR_A11)
    (add_net /SDR_A12)
    (add_net /SDR_A2)
    (add_net /SDR_A3)
    (add_net /SDR_A4)
    (add_net /SDR_A5)
    (add_net /SDR_A6)
    (add_net /SDR_A7)
    (add_net /SDR_A8)
    (add_net /SDR_A9)
    (add_net /SDR_BA0)
    (add_net /SDR_BA1)
    (add_net /SDR_CAS)
    (add_net /SDR_CKE)
    (add_net /SDR_CLK)
    (add_net /SDR_CS)
    (add_net /SDR_DQ0)
    (add_net /SDR_DQ1)
    (add_net /SDR_DQ10)
    (add_net /SDR_DQ11)
    (add_net /SDR_DQ12)
    (add_net /SDR_DQ13)
    (add_net /SDR_DQ14)
    (add_net /SDR_DQ15)
    (add_net /SDR_DQ2)
    (add_net /SDR_DQ3)
    (add_net /SDR_DQ4)
    (add_net /SDR_DQ5)
    (add_net /SDR_DQ6)
    (add_net /SDR_DQ7)
    (add_net /SDR_DQ8)
    (add_net /SDR_DQ9)
    (add_net /SDR_DQMH)
    (add_net /SDR_DQML)
    (add_net /SDR_RAS)
    (add_net /SDR_WE)
    (add_net /USB_CBUS0)
    (add_net /USB_CBUS1)
    (add_net /USB_SCL)
    (add_net /USB_SDA)
    (add_net /USB_VBUS)
    (add_net GND)
    (add_net "Net-(C23-Pad1)")
    (add_net "Net-(C25-Pad1)")
    (add_net "Net-(C44-Pad1)")
    (add_net "Net-(C46-Pad1)")
    (add_net "Net-(C48-Pad1)")
    (add_net "Net-(CN1-PadA10)")
    (add_net "Net-(CN1-PadA11)")
    (add_net "Net-(CN1-PadA12)")
    (add_net "Net-(CN1-PadA14)")
    (add_net "Net-(CN1-PadA15)")
    (add_net "Net-(CN1-PadA16)")
    (add_net "Net-(CN1-PadA17)")
    (add_net "Net-(CN1-PadA19)")
    (add_net "Net-(CN1-PadA20)")
    (add_net "Net-(CN1-PadA21)")
    (add_net "Net-(CN1-PadA22)")
    (add_net "Net-(CN1-PadA24)")
    (add_net "Net-(CN1-PadA25)")
    (add_net "Net-(CN1-PadA26)")
    (add_net "Net-(CN1-PadA28)")
    (add_net "Net-(CN1-PadA30)")
    (add_net "Net-(CN1-PadA4)")
    (add_net "Net-(CN1-PadA5)")
    (add_net "Net-(CN1-PadA6)")
    (add_net "Net-(CN1-PadA66)")
    (add_net "Net-(CN1-PadA9)")
    (add_net "Net-(CN1-PadB10)")
    (add_net "Net-(CN1-PadB11)")
    (add_net "Net-(CN1-PadB12)")
    (add_net "Net-(CN1-PadB14)")
    (add_net "Net-(CN1-PadB15)")
    (add_net "Net-(CN1-PadB16)")
    (add_net "Net-(CN1-PadB17)")
    (add_net "Net-(CN1-PadB19)")
    (add_net "Net-(CN1-PadB20)")
    (add_net "Net-(CN1-PadB21)")
    (add_net "Net-(CN1-PadB22)")
    (add_net "Net-(CN1-PadB24)")
    (add_net "Net-(CN1-PadB25)")
    (add_net "Net-(CN1-PadB26)")
    (add_net "Net-(CN1-PadB28)")
    (add_net "Net-(CN1-PadB3)")
    (add_net "Net-(CN1-PadB30)")
    (add_net "Net-(CN1-PadB4)")
    (add_net "Net-(CN1-PadB5)")
    (add_net "Net-(CN1-PadB6)")
    (add_net "Net-(CN1-PadB66)")
    (add_net "Net-(CN1-PadB9)")
    (add_net "Net-(CON1-Pad1)")
    (add_net "Net-(CON1-Pad10)")
    (add_net "Net-(CON1-Pad11)")
    (add_net "Net-(CON1-Pad2)")
    (add_net "Net-(CON1-Pad5)")
    (add_net "Net-(CON1-Pad7)")
    (add_net "Net-(CON1-Pad8)")
    (add_net "Net-(CON1-Pad9)")
    (add_net "Net-(CON2-Pad4)")
    (add_net "Net-(R6-Pad2)")
    (add_net "Net-(R7-Pad2)")
    (add_net "Net-(R8-Pad1)")
    (add_net "Net-(U4-Pad13)")
    (add_net "Net-(U4-Pad14)")
    (add_net "Net-(U4-Pad16)")
    (add_net "Net-(U4-Pad17)")
    (add_net "Net-(U4-Pad19)")
    (add_net "Net-(U4-Pad20)")
    (add_net "Net-(U6-Pad122)")
    (add_net "Net-(U6-Pad126)")
    (add_net "Net-(U6-Pad129)")
    (add_net "Net-(U6-Pad84)")
    (add_net "Net-(U7-Pad1)")
    (add_net "Net-(U7-Pad16)")
    (add_net "Net-(U7-Pad7)")
  )

  (module Capacitors_SMD:C_0603_HandSoldering (layer Front) (tedit 541A9B4D) (tstamp 5549D1C2)
    (at 112.3442 144.9832 180)
    (descr "Capacitor SMD 0603, hand soldering")
    (tags "capacitor 0603")
    (path /553AE73B)
    (attr smd)
    (fp_text reference C1 (at 0 -1.9 180) (layer F.SilkS)
      (effects (font (size 1 1) (thickness 0.15)))
    )
    (fp_text value 10uF (at 0 1.9 180) (layer F.Fab)
      (effects (font (size 1 1) (thickness 0.15)))
    )
    (fp_line (start -1.85 -0.75) (end 1.85 -0.75) (layer F.CrtYd) (width 0.05))
    (fp_line (start -1.85 0.75) (end 1.85 0.75) (layer F.CrtYd) (width 0.05))
    (fp_line (start -1.85 -0.75) (end -1.85 0.75) (layer F.CrtYd) (width 0.05))
    (fp_line (start 1.85 -0.75) (end 1.85 0.75) (layer F.CrtYd) (width 0.05))
    (fp_line (start -0.35 -0.6) (end 0.35 -0.6) (layer F.SilkS) (width 0.15))
    (fp_line (start 0.35 0.6) (end -0.35 0.6) (layer F.SilkS) (width 0.15))
    (pad 1 smd rect (at -0.95 0 180) (size 1.2 0.75) (layers Front F.Paste F.Mask)
      (net 1 /+5V))
    (pad 2 smd rect (at 0.95 0 180) (size 1.2 0.75) (layers Front F.Paste F.Mask)
      (net 2 GND))
    (model Capacitors_SMD.3dshapes/C_0603_HandSoldering.wrl
      (at (xyz 0 0 0))
      (scale (xyz 1 1 1))
      (rotate (xyz 0 0 0))
    )
  )

  (module Capacitors_SMD:C_0603_HandSoldering (layer Front) (tedit 556FF717) (tstamp 5549D1C8)
    (at 105.3592 120.2944)
    (descr "Capacitor SMD 0603, hand soldering")
    (tags "capacitor 0603")
    (path /553A8E47)
    (attr smd)
    (fp_text reference C2 (at 0.3683 1.7526) (layer F.SilkS)
      (effects (font (size 1 1) (thickness 0.15)))
    )
    (fp_text value 0.1uF (at 0.2413 -0.0254) (layer F.Fab)
      (effects (font (size 1 1) (thickness 0.15)))
    )
    (fp_line (start -1.85 -0.75) (end 1.85 -0.75) (layer F.CrtYd) (width 0.05))
    (fp_line (start -1.85 0.75) (end 1.85 0.75) (layer F.CrtYd) (width 0.05))
    (fp_line (start -1.85 -0.75) (end -1.85 0.75) (layer F.CrtYd) (width 0.05))
    (fp_line (start 1.85 -0.75) (end 1.85 0.75) (layer F.CrtYd) (width 0.05))
    (fp_line (start -0.35 -0.6) (end 0.35 -0.6) (layer F.SilkS) (width 0.15))
    (fp_line (start 0.35 0.6) (end -0.35 0.6) (layer F.SilkS) (width 0.15))
    (pad 1 smd rect (at -0.95 0) (size 1.2 0.75) (layers Front F.Paste F.Mask)
      (net 1 /+5V))
    (pad 2 smd rect (at 0.95 0) (size 1.2 0.75) (layers Front F.Paste F.Mask)
      (net 2 GND))
    (model Capacitors_SMD.3dshapes/C_0603_HandSoldering.wrl
      (at (xyz 0 0 0))
      (scale (xyz 1 1 1))
      (rotate (xyz 0 0 0))
    )
  )

  (module Capacitors_SMD:C_0603_HandSoldering (layer Back) (tedit 556FF7D3) (tstamp 5549D1CE)
    (at 40.4622 144.1704 180)
    (descr "Capacitor SMD 0603, hand soldering")
    (tags "capacitor 0603")
    (path /553ACC65)
    (attr smd)
    (fp_text reference C3 (at 0 1.9 180) (layer B.SilkS)
      (effects (font (size 1 1) (thickness 0.15)) (justify mirror))
    )
    (fp_text value 0.1uF (at -0.1778 -0.1016 180) (layer B.Fab)
      (effects (font (size 1 1) (thickness 0.15)) (justify mirror))
    )
    (fp_line (start -1.85 0.75) (end 1.85 0.75) (layer B.CrtYd) (width 0.05))
    (fp_line (start -1.85 -0.75) (end 1.85 -0.75) (layer B.CrtYd) (width 0.05))
    (fp_line (start -1.85 0.75) (end -1.85 -0.75) (layer B.CrtYd) (width 0.05))
    (fp_line (start 1.85 0.75) (end 1.85 -0.75) (layer B.CrtYd) (width 0.05))
    (fp_line (start -0.35 0.6) (end 0.35 0.6) (layer B.SilkS) (width 0.15))
    (fp_line (start 0.35 -0.6) (end -0.35 -0.6) (layer B.SilkS) (width 0.15))
    (pad 1 smd rect (at -0.95 0 180) (size 1.2 0.75) (layers Back B.Paste B.Mask)
      (net 1 /+5V))
    (pad 2 smd rect (at 0.95 0 180) (size 1.2 0.75) (layers Back B.Paste B.Mask)
      (net 2 GND))
    (model Capacitors_SMD.3dshapes/C_0603_HandSoldering.wrl
      (at (xyz 0 0 0))
      (scale (xyz 1 1 1))
      (rotate (xyz 0 0 0))
    )
  )

  (module Capacitors_SMD:C_0603_HandSoldering (layer Front) (tedit 556FF714) (tstamp 5549D1D4)
    (at 105.1052 117.0686 90)
    (descr "Capacitor SMD 0603, hand soldering")
    (tags "capacitor 0603")
    (path /553A8F6E)
    (attr smd)
    (fp_text reference C4 (at 0.1016 1.7653 90) (layer F.SilkS)
      (effects (font (size 1 1) (thickness 0.15)))
    )
    (fp_text value 0.1uF (at 0.2921 0.1143 90) (layer F.Fab)
      (effects (font (size 1 1) (thickness 0.15)))
    )
    (fp_line (start -1.85 -0.75) (end 1.85 -0.75) (layer F.CrtYd) (width 0.05))
    (fp_line (start -1.85 0.75) (end 1.85 0.75) (layer F.CrtYd) (width 0.05))
    (fp_line (start -1.85 -0.75) (end -1.85 0.75) (layer F.CrtYd) (width 0.05))
    (fp_line (start 1.85 -0.75) (end 1.85 0.75) (layer F.CrtYd) (width 0.05))
    (fp_line (start -0.35 -0.6) (end 0.35 -0.6) (layer F.SilkS) (width 0.15))
    (fp_line (start 0.35 0.6) (end -0.35 0.6) (layer F.SilkS) (width 0.15))
    (pad 1 smd rect (at -0.95 0 90) (size 1.2 0.75) (layers Front F.Paste F.Mask)
      (net 3 /+3_3V))
    (pad 2 smd rect (at 0.95 0 90) (size 1.2 0.75) (layers Front F.Paste F.Mask)
      (net 2 GND))
    (model Capacitors_SMD.3dshapes/C_0603_HandSoldering.wrl
      (at (xyz 0 0 0))
      (scale (xyz 1 1 1))
      (rotate (xyz 0 0 0))
    )
  )

  (module Capacitors_SMD:C_0603_HandSoldering (layer Back) (tedit 55720C91) (tstamp 5549D1DA)
    (at 80.6196 140.2334 270)
    (descr "Capacitor SMD 0603, hand soldering")
    (tags "capacitor 0603")
    (path /553A47D9)
    (attr smd)
    (fp_text reference C5 (at -0.9398 1.6256 270) (layer B.SilkS)
      (effects (font (size 1 1) (thickness 0.15)) (justify mirror))
    )
    (fp_text value 0.1uF (at 0.2921 0.2286 270) (layer B.Fab)
      (effects (font (size 1 1) (thickness 0.15)) (justify mirror))
    )
    (fp_line (start -1.85 0.75) (end 1.85 0.75) (layer B.CrtYd) (width 0.05))
    (fp_line (start -1.85 -0.75) (end 1.85 -0.75) (layer B.CrtYd) (width 0.05))
    (fp_line (start -1.85 0.75) (end -1.85 -0.75) (layer B.CrtYd) (width 0.05))
    (fp_line (start 1.85 0.75) (end 1.85 -0.75) (layer B.CrtYd) (width 0.05))
    (fp_line (start -0.35 0.6) (end 0.35 0.6) (layer B.SilkS) (width 0.15))
    (fp_line (start 0.35 -0.6) (end -0.35 -0.6) (layer B.SilkS) (width 0.15))
    (pad 1 smd rect (at -0.95 0 270) (size 1.2 0.75) (layers Back B.Paste B.Mask)
      (net 1 /+5V))
    (pad 2 smd rect (at 0.95 0 270) (size 1.2 0.75) (layers Back B.Paste B.Mask)
      (net 2 GND))
    (model Capacitors_SMD.3dshapes/C_0603_HandSoldering.wrl
      (at (xyz 0 0 0))
      (scale (xyz 1 1 1))
      (rotate (xyz 0 0 0))
    )
  )

  (module Capacitors_SMD:C_0603_HandSoldering (layer Front) (tedit 541A9B4D) (tstamp 5549D1E0)
    (at 99.1362 138.2268)
    (descr "Capacitor SMD 0603, hand soldering")
    (tags "capacitor 0603")
    (path /553A633F)
    (attr smd)
    (fp_text reference C6 (at 0 -1.9) (layer F.SilkS)
      (effects (font (size 1 1) (thickness 0.15)))
    )
    (fp_text value 0.1uF (at 0 1.9) (layer F.Fab)
      (effects (font (size 1 1) (thickness 0.15)))
    )
    (fp_line (start -1.85 -0.75) (end 1.85 -0.75) (layer F.CrtYd) (width 0.05))
    (fp_line (start -1.85 0.75) (end 1.85 0.75) (layer F.CrtYd) (width 0.05))
    (fp_line (start -1.85 -0.75) (end -1.85 0.75) (layer F.CrtYd) (width 0.05))
    (fp_line (start 1.85 -0.75) (end 1.85 0.75) (layer F.CrtYd) (width 0.05))
    (fp_line (start -0.35 -0.6) (end 0.35 -0.6) (layer F.SilkS) (width 0.15))
    (fp_line (start 0.35 0.6) (end -0.35 0.6) (layer F.SilkS) (width 0.15))
    (pad 1 smd rect (at -0.95 0) (size 1.2 0.75) (layers Front F.Paste F.Mask)
      (net 1 /+5V))
    (pad 2 smd rect (at 0.95 0) (size 1.2 0.75) (layers Front F.Paste F.Mask)
      (net 2 GND))
    (model Capacitors_SMD.3dshapes/C_0603_HandSoldering.wrl
      (at (xyz 0 0 0))
      (scale (xyz 1 1 1))
      (rotate (xyz 0 0 0))
    )
  )

  (module Capacitors_SMD:C_0603_HandSoldering (layer Back) (tedit 556FF777) (tstamp 5549D1E6)
    (at 69.9008 139.0142)
    (descr "Capacitor SMD 0603, hand soldering")
    (tags "capacitor 0603")
    (path /55383D80)
    (attr smd)
    (fp_text reference C7 (at 0 1.9) (layer B.SilkS)
      (effects (font (size 1 1) (thickness 0.15)) (justify mirror))
    )
    (fp_text value 0.1uF (at 0.1397 -0.0127) (layer B.Fab)
      (effects (font (size 1 1) (thickness 0.15)) (justify mirror))
    )
    (fp_line (start -1.85 0.75) (end 1.85 0.75) (layer B.CrtYd) (width 0.05))
    (fp_line (start -1.85 -0.75) (end 1.85 -0.75) (layer B.CrtYd) (width 0.05))
    (fp_line (start -1.85 0.75) (end -1.85 -0.75) (layer B.CrtYd) (width 0.05))
    (fp_line (start 1.85 0.75) (end 1.85 -0.75) (layer B.CrtYd) (width 0.05))
    (fp_line (start -0.35 0.6) (end 0.35 0.6) (layer B.SilkS) (width 0.15))
    (fp_line (start 0.35 -0.6) (end -0.35 -0.6) (layer B.SilkS) (width 0.15))
    (pad 1 smd rect (at -0.95 0) (size 1.2 0.75) (layers Back B.Paste B.Mask)
      (net 1 /+5V))
    (pad 2 smd rect (at 0.95 0) (size 1.2 0.75) (layers Back B.Paste B.Mask)
      (net 2 GND))
    (model Capacitors_SMD.3dshapes/C_0603_HandSoldering.wrl
      (at (xyz 0 0 0))
      (scale (xyz 1 1 1))
      (rotate (xyz 0 0 0))
    )
  )

  (module Capacitors_SMD:C_0603_HandSoldering (layer Back) (tedit 556FF6BF) (tstamp 5549D1EC)
    (at 84.8868 127.635)
    (descr "Capacitor SMD 0603, hand soldering")
    (tags "capacitor 0603")
    (path /553A4892)
    (attr smd)
    (fp_text reference C8 (at 0.0762 -1.7145) (layer B.SilkS)
      (effects (font (size 1 1) (thickness 0.15)) (justify mirror))
    )
    (fp_text value 0.1uF (at -0.1778 -0.0635) (layer B.Fab) hide
      (effects (font (size 1 1) (thickness 0.15)) (justify mirror))
    )
    (fp_line (start -1.85 0.75) (end 1.85 0.75) (layer B.CrtYd) (width 0.05))
    (fp_line (start -1.85 -0.75) (end 1.85 -0.75) (layer B.CrtYd) (width 0.05))
    (fp_line (start -1.85 0.75) (end -1.85 -0.75) (layer B.CrtYd) (width 0.05))
    (fp_line (start 1.85 0.75) (end 1.85 -0.75) (layer B.CrtYd) (width 0.05))
    (fp_line (start -0.35 0.6) (end 0.35 0.6) (layer B.SilkS) (width 0.15))
    (fp_line (start 0.35 -0.6) (end -0.35 -0.6) (layer B.SilkS) (width 0.15))
    (pad 1 smd rect (at -0.95 0) (size 1.2 0.75) (layers Back B.Paste B.Mask)
      (net 3 /+3_3V))
    (pad 2 smd rect (at 0.95 0) (size 1.2 0.75) (layers Back B.Paste B.Mask)
      (net 2 GND))
    (model Capacitors_SMD.3dshapes/C_0603_HandSoldering.wrl
      (at (xyz 0 0 0))
      (scale (xyz 1 1 1))
      (rotate (xyz 0 0 0))
    )
  )

  (module Capacitors_SMD:C_0603_HandSoldering (layer Front) (tedit 541A9B4D) (tstamp 5549D1F2)
    (at 104.1908 137.1854)
    (descr "Capacitor SMD 0603, hand soldering")
    (tags "capacitor 0603")
    (path /553A6292)
    (attr smd)
    (fp_text reference C9 (at 0 -1.9) (layer F.SilkS)
      (effects (font (size 1 1) (thickness 0.15)))
    )
    (fp_text value 0.1uF (at 0 1.9) (layer F.Fab)
      (effects (font (size 1 1) (thickness 0.15)))
    )
    (fp_line (start -1.85 -0.75) (end 1.85 -0.75) (layer F.CrtYd) (width 0.05))
    (fp_line (start -1.85 0.75) (end 1.85 0.75) (layer F.CrtYd) (width 0.05))
    (fp_line (start -1.85 -0.75) (end -1.85 0.75) (layer F.CrtYd) (width 0.05))
    (fp_line (start 1.85 -0.75) (end 1.85 0.75) (layer F.CrtYd) (width 0.05))
    (fp_line (start -0.35 -0.6) (end 0.35 -0.6) (layer F.SilkS) (width 0.15))
    (fp_line (start 0.35 0.6) (end -0.35 0.6) (layer F.SilkS) (width 0.15))
    (pad 1 smd rect (at -0.95 0) (size 1.2 0.75) (layers Front F.Paste F.Mask)
      (net 3 /+3_3V))
    (pad 2 smd rect (at 0.95 0) (size 1.2 0.75) (layers Front F.Paste F.Mask)
      (net 2 GND))
    (model Capacitors_SMD.3dshapes/C_0603_HandSoldering.wrl
      (at (xyz 0 0 0))
      (scale (xyz 1 1 1))
      (rotate (xyz 0 0 0))
    )
  )

  (module Capacitors_SMD:C_0603_HandSoldering (layer Back) (tedit 55720CAE) (tstamp 5549D1F8)
    (at 69.7738 133.0452 90)
    (descr "Capacitor SMD 0603, hand soldering")
    (tags "capacitor 0603")
    (path /553A373E)
    (attr smd)
    (fp_text reference C10 (at -3.5052 0.0762 90) (layer B.SilkS)
      (effects (font (size 1 1) (thickness 0.15)) (justify mirror))
    )
    (fp_text value 0.1uF (at -0.0508 0.2032 90) (layer B.Fab)
      (effects (font (size 1 1) (thickness 0.15)) (justify mirror))
    )
    (fp_line (start -1.85 0.75) (end 1.85 0.75) (layer B.CrtYd) (width 0.05))
    (fp_line (start -1.85 -0.75) (end 1.85 -0.75) (layer B.CrtYd) (width 0.05))
    (fp_line (start -1.85 0.75) (end -1.85 -0.75) (layer B.CrtYd) (width 0.05))
    (fp_line (start 1.85 0.75) (end 1.85 -0.75) (layer B.CrtYd) (width 0.05))
    (fp_line (start -0.35 0.6) (end 0.35 0.6) (layer B.SilkS) (width 0.15))
    (fp_line (start 0.35 -0.6) (end -0.35 -0.6) (layer B.SilkS) (width 0.15))
    (pad 1 smd rect (at -0.95 0 90) (size 1.2 0.75) (layers Back B.Paste B.Mask)
      (net 3 /+3_3V))
    (pad 2 smd rect (at 0.95 0 90) (size 1.2 0.75) (layers Back B.Paste B.Mask)
      (net 2 GND))
    (model Capacitors_SMD.3dshapes/C_0603_HandSoldering.wrl
      (at (xyz 0 0 0))
      (scale (xyz 1 1 1))
      (rotate (xyz 0 0 0))
    )
  )

  (module Capacitors_SMD:C_0603_HandSoldering (layer Back) (tedit 55720C2E) (tstamp 5549D1FE)
    (at 70.3834 100.33 90)
    (descr "Capacitor SMD 0603, hand soldering")
    (tags "capacitor 0603")
    (path /55383E52)
    (attr smd)
    (fp_text reference C11 (at -0.254 1.2954 90) (layer B.SilkS)
      (effects (font (size 1 1) (thickness 0.15)) (justify mirror))
    )
    (fp_text value 0.1uF (at 0 0.127 90) (layer B.Fab)
      (effects (font (size 1 1) (thickness 0.15)) (justify mirror))
    )
    (fp_line (start -1.85 0.75) (end 1.85 0.75) (layer B.CrtYd) (width 0.05))
    (fp_line (start -1.85 -0.75) (end 1.85 -0.75) (layer B.CrtYd) (width 0.05))
    (fp_line (start -1.85 0.75) (end -1.85 -0.75) (layer B.CrtYd) (width 0.05))
    (fp_line (start 1.85 0.75) (end 1.85 -0.75) (layer B.CrtYd) (width 0.05))
    (fp_line (start -0.35 0.6) (end 0.35 0.6) (layer B.SilkS) (width 0.15))
    (fp_line (start 0.35 -0.6) (end -0.35 -0.6) (layer B.SilkS) (width 0.15))
    (pad 1 smd rect (at -0.95 0 90) (size 1.2 0.75) (layers Back B.Paste B.Mask)
      (net 3 /+3_3V))
    (pad 2 smd rect (at 0.95 0 90) (size 1.2 0.75) (layers Back B.Paste B.Mask)
      (net 2 GND))
    (model Capacitors_SMD.3dshapes/C_0603_HandSoldering.wrl
      (at (xyz 0 0 0))
      (scale (xyz 1 1 1))
      (rotate (xyz 0 0 0))
    )
  )

  (module Capacitors_SMD:C_0603_HandSoldering (layer Back) (tedit 55720C50) (tstamp 5549D204)
    (at 71.2978 108.6104 90)
    (descr "Capacitor SMD 0603, hand soldering")
    (tags "capacitor 0603")
    (path /55383C59)
    (attr smd)
    (fp_text reference C12 (at 0.7874 2.6162 90) (layer B.SilkS)
      (effects (font (size 1 1) (thickness 0.15)) (justify mirror))
    )
    (fp_text value 0.1uF (at 0 -0.0254 90) (layer B.Fab)
      (effects (font (size 1 1) (thickness 0.15)) (justify mirror))
    )
    (fp_line (start -1.85 0.75) (end 1.85 0.75) (layer B.CrtYd) (width 0.05))
    (fp_line (start -1.85 -0.75) (end 1.85 -0.75) (layer B.CrtYd) (width 0.05))
    (fp_line (start -1.85 0.75) (end -1.85 -0.75) (layer B.CrtYd) (width 0.05))
    (fp_line (start 1.85 0.75) (end 1.85 -0.75) (layer B.CrtYd) (width 0.05))
    (fp_line (start -0.35 0.6) (end 0.35 0.6) (layer B.SilkS) (width 0.15))
    (fp_line (start 0.35 -0.6) (end -0.35 -0.6) (layer B.SilkS) (width 0.15))
    (pad 1 smd rect (at -0.95 0 90) (size 1.2 0.75) (layers Back B.Paste B.Mask)
      (net 3 /+3_3V))
    (pad 2 smd rect (at 0.95 0 90) (size 1.2 0.75) (layers Back B.Paste B.Mask)
      (net 2 GND))
    (model Capacitors_SMD.3dshapes/C_0603_HandSoldering.wrl
      (at (xyz 0 0 0))
      (scale (xyz 1 1 1))
      (rotate (xyz 0 0 0))
    )
  )

  (module Capacitors_SMD:C_0603_HandSoldering (layer Front) (tedit 556FF8FC) (tstamp 5549D20A)
    (at 74.168 121.3358 270)
    (descr "Capacitor SMD 0603, hand soldering")
    (tags "capacitor 0603")
    (path /55407168)
    (attr smd)
    (fp_text reference C13 (at 0 -1.9 270) (layer F.SilkS)
      (effects (font (size 1 1) (thickness 0.15)))
    )
    (fp_text value 0.1uF (at -0.2286 -0.1524 270) (layer F.Fab)
      (effects (font (size 1 1) (thickness 0.15)))
    )
    (fp_line (start -1.85 -0.75) (end 1.85 -0.75) (layer F.CrtYd) (width 0.05))
    (fp_line (start -1.85 0.75) (end 1.85 0.75) (layer F.CrtYd) (width 0.05))
    (fp_line (start -1.85 -0.75) (end -1.85 0.75) (layer F.CrtYd) (width 0.05))
    (fp_line (start 1.85 -0.75) (end 1.85 0.75) (layer F.CrtYd) (width 0.05))
    (fp_line (start -0.35 -0.6) (end 0.35 -0.6) (layer F.SilkS) (width 0.15))
    (fp_line (start 0.35 0.6) (end -0.35 0.6) (layer F.SilkS) (width 0.15))
    (pad 1 smd rect (at -0.95 0 270) (size 1.2 0.75) (layers Front F.Paste F.Mask)
      (net 3 /+3_3V))
    (pad 2 smd rect (at 0.95 0 270) (size 1.2 0.75) (layers Front F.Paste F.Mask)
      (net 2 GND))
    (model Capacitors_SMD.3dshapes/C_0603_HandSoldering.wrl
      (at (xyz 0 0 0))
      (scale (xyz 1 1 1))
      (rotate (xyz 0 0 0))
    )
  )

  (module Capacitors_SMD:C_0603_HandSoldering (layer Back) (tedit 556FF8E8) (tstamp 5549D210)
    (at 74.0664 114.427 90)
    (descr "Capacitor SMD 0603, hand soldering")
    (tags "capacitor 0603")
    (path /55383E5F)
    (attr smd)
    (fp_text reference C14 (at -0.0762 1.6764 90) (layer B.SilkS)
      (effects (font (size 1 1) (thickness 0.15)) (justify mirror))
    )
    (fp_text value 0.1uF (at 0.0762 -0.0508 90) (layer B.Fab)
      (effects (font (size 1 1) (thickness 0.15)) (justify mirror))
    )
    (fp_line (start -1.85 0.75) (end 1.85 0.75) (layer B.CrtYd) (width 0.05))
    (fp_line (start -1.85 -0.75) (end 1.85 -0.75) (layer B.CrtYd) (width 0.05))
    (fp_line (start -1.85 0.75) (end -1.85 -0.75) (layer B.CrtYd) (width 0.05))
    (fp_line (start 1.85 0.75) (end 1.85 -0.75) (layer B.CrtYd) (width 0.05))
    (fp_line (start -0.35 0.6) (end 0.35 0.6) (layer B.SilkS) (width 0.15))
    (fp_line (start 0.35 -0.6) (end -0.35 -0.6) (layer B.SilkS) (width 0.15))
    (pad 1 smd rect (at -0.95 0 90) (size 1.2 0.75) (layers Back B.Paste B.Mask)
      (net 3 /+3_3V))
    (pad 2 smd rect (at 0.95 0 90) (size 1.2 0.75) (layers Back B.Paste B.Mask)
      (net 2 GND))
    (model Capacitors_SMD.3dshapes/C_0603_HandSoldering.wrl
      (at (xyz 0 0 0))
      (scale (xyz 1 1 1))
      (rotate (xyz 0 0 0))
    )
  )

  (module Capacitors_SMD:C_0603_HandSoldering (layer Back) (tedit 5571F84E) (tstamp 5549D216)
    (at 69.9008 113.8936 90)
    (descr "Capacitor SMD 0603, hand soldering")
    (tags "capacitor 0603")
    (path /55383C66)
    (attr smd)
    (fp_text reference C15 (at 3.5306 -0.7874 90) (layer B.SilkS)
      (effects (font (size 1 1) (thickness 0.15)) (justify mirror))
    )
    (fp_text value 0.1uF (at -0.0508 0.2032 90) (layer B.Fab)
      (effects (font (size 1 1) (thickness 0.15)) (justify mirror))
    )
    (fp_line (start -1.85 0.75) (end 1.85 0.75) (layer B.CrtYd) (width 0.05))
    (fp_line (start -1.85 -0.75) (end 1.85 -0.75) (layer B.CrtYd) (width 0.05))
    (fp_line (start -1.85 0.75) (end -1.85 -0.75) (layer B.CrtYd) (width 0.05))
    (fp_line (start 1.85 0.75) (end 1.85 -0.75) (layer B.CrtYd) (width 0.05))
    (fp_line (start -0.35 0.6) (end 0.35 0.6) (layer B.SilkS) (width 0.15))
    (fp_line (start 0.35 -0.6) (end -0.35 -0.6) (layer B.SilkS) (width 0.15))
    (pad 1 smd rect (at -0.95 0 90) (size 1.2 0.75) (layers Back B.Paste B.Mask)
      (net 3 /+3_3V))
    (pad 2 smd rect (at 0.95 0 90) (size 1.2 0.75) (layers Back B.Paste B.Mask)
      (net 2 GND))
    (model Capacitors_SMD.3dshapes/C_0603_HandSoldering.wrl
      (at (xyz 0 0 0))
      (scale (xyz 1 1 1))
      (rotate (xyz 0 0 0))
    )
  )

  (module Capacitors_SMD:C_0603_HandSoldering (layer Back) (tedit 556FF928) (tstamp 5549D21C)
    (at 68.8594 117.6274 270)
    (descr "Capacitor SMD 0603, hand soldering")
    (tags "capacitor 0603")
    (path /55383D8D)
    (attr smd)
    (fp_text reference C16 (at 3.4798 -0.3302 270) (layer B.SilkS)
      (effects (font (size 1 1) (thickness 0.15)) (justify mirror))
    )
    (fp_text value 0.1uF (at 0.0762 -0.0762 270) (layer B.Fab)
      (effects (font (size 1 1) (thickness 0.15)) (justify mirror))
    )
    (fp_line (start -1.85 0.75) (end 1.85 0.75) (layer B.CrtYd) (width 0.05))
    (fp_line (start -1.85 -0.75) (end 1.85 -0.75) (layer B.CrtYd) (width 0.05))
    (fp_line (start -1.85 0.75) (end -1.85 -0.75) (layer B.CrtYd) (width 0.05))
    (fp_line (start 1.85 0.75) (end 1.85 -0.75) (layer B.CrtYd) (width 0.05))
    (fp_line (start -0.35 0.6) (end 0.35 0.6) (layer B.SilkS) (width 0.15))
    (fp_line (start 0.35 -0.6) (end -0.35 -0.6) (layer B.SilkS) (width 0.15))
    (pad 1 smd rect (at -0.95 0 270) (size 1.2 0.75) (layers Back B.Paste B.Mask)
      (net 3 /+3_3V))
    (pad 2 smd rect (at 0.95 0 270) (size 1.2 0.75) (layers Back B.Paste B.Mask)
      (net 2 GND))
    (model Capacitors_SMD.3dshapes/C_0603_HandSoldering.wrl
      (at (xyz 0 0 0))
      (scale (xyz 1 1 1))
      (rotate (xyz 0 0 0))
    )
  )

  (module Capacitors_SMD:C_0603_HandSoldering (layer Back) (tedit 5571F849) (tstamp 5549D246)
    (at 71.5772 116.4844 90)
    (descr "Capacitor SMD 0603, hand soldering")
    (tags "capacitor 0603")
    (path /55387180)
    (attr smd)
    (fp_text reference C23 (at -2.032 1.7272 90) (layer B.SilkS)
      (effects (font (size 1 1) (thickness 0.15)) (justify mirror))
    )
    (fp_text value 0.1uF (at 0.0508 -0.1016 90) (layer B.Fab)
      (effects (font (size 1 1) (thickness 0.15)) (justify mirror))
    )
    (fp_line (start -1.85 0.75) (end 1.85 0.75) (layer B.CrtYd) (width 0.05))
    (fp_line (start -1.85 -0.75) (end 1.85 -0.75) (layer B.CrtYd) (width 0.05))
    (fp_line (start -1.85 0.75) (end -1.85 -0.75) (layer B.CrtYd) (width 0.05))
    (fp_line (start 1.85 0.75) (end 1.85 -0.75) (layer B.CrtYd) (width 0.05))
    (fp_line (start -0.35 0.6) (end 0.35 0.6) (layer B.SilkS) (width 0.15))
    (fp_line (start 0.35 -0.6) (end -0.35 -0.6) (layer B.SilkS) (width 0.15))
    (pad 1 smd rect (at -0.95 0 90) (size 1.2 0.75) (layers Back B.Paste B.Mask)
      (net 4 "Net-(C23-Pad1)"))
    (pad 2 smd rect (at 0.95 0 90) (size 1.2 0.75) (layers Back B.Paste B.Mask)
      (net 2 GND))
    (model Capacitors_SMD.3dshapes/C_0603_HandSoldering.wrl
      (at (xyz 0 0 0))
      (scale (xyz 1 1 1))
      (rotate (xyz 0 0 0))
    )
  )

  (module Capacitors_SMD:C_0603_HandSoldering (layer Back) (tedit 55720BEF) (tstamp 5549D24C)
    (at 37.1094 92.8878 270)
    (descr "Capacitor SMD 0603, hand soldering")
    (tags "capacitor 0603")
    (path /5538718C)
    (attr smd)
    (fp_text reference C24 (at -0.0762 1.7526 270) (layer B.SilkS)
      (effects (font (size 1 1) (thickness 0.15)) (justify mirror))
    )
    (fp_text value 0.1uF (at -0.0254 -0.0762 270) (layer B.Fab)
      (effects (font (size 1 1) (thickness 0.15)) (justify mirror))
    )
    (fp_line (start -1.85 0.75) (end 1.85 0.75) (layer B.CrtYd) (width 0.05))
    (fp_line (start -1.85 -0.75) (end 1.85 -0.75) (layer B.CrtYd) (width 0.05))
    (fp_line (start -1.85 0.75) (end -1.85 -0.75) (layer B.CrtYd) (width 0.05))
    (fp_line (start 1.85 0.75) (end 1.85 -0.75) (layer B.CrtYd) (width 0.05))
    (fp_line (start -0.35 0.6) (end 0.35 0.6) (layer B.SilkS) (width 0.15))
    (fp_line (start 0.35 -0.6) (end -0.35 -0.6) (layer B.SilkS) (width 0.15))
    (pad 1 smd rect (at -0.95 0 270) (size 1.2 0.75) (layers Back B.Paste B.Mask)
      (net 4 "Net-(C23-Pad1)"))
    (pad 2 smd rect (at 0.95 0 270) (size 1.2 0.75) (layers Back B.Paste B.Mask)
      (net 2 GND))
    (model Capacitors_SMD.3dshapes/C_0603_HandSoldering.wrl
      (at (xyz 0 0 0))
      (scale (xyz 1 1 1))
      (rotate (xyz 0 0 0))
    )
  )

  (module Capacitors_SMD:C_1206_HandSoldering (layer Front) (tedit 556FF70C) (tstamp 5549D252)
    (at 109.4994 105.3592 180)
    (descr "Capacitor SMD 1206, hand soldering")
    (tags "capacitor 1206")
    (path /5541CD75)
    (attr smd)
    (fp_text reference C25 (at 3.7719 -1.9558 180) (layer F.SilkS)
      (effects (font (size 1 1) (thickness 0.15)))
    )
    (fp_text value 10uF (at -0.0381 -0.3048 180) (layer F.Fab)
      (effects (font (size 1 1) (thickness 0.15)))
    )
    (fp_line (start -3.3 -1.15) (end 3.3 -1.15) (layer F.CrtYd) (width 0.05))
    (fp_line (start -3.3 1.15) (end 3.3 1.15) (layer F.CrtYd) (width 0.05))
    (fp_line (start -3.3 -1.15) (end -3.3 1.15) (layer F.CrtYd) (width 0.05))
    (fp_line (start 3.3 -1.15) (end 3.3 1.15) (layer F.CrtYd) (width 0.05))
    (fp_line (start 1 -1.025) (end -1 -1.025) (layer F.SilkS) (width 0.15))
    (fp_line (start -1 1.025) (end 1 1.025) (layer F.SilkS) (width 0.15))
    (pad 1 smd rect (at -2 0 180) (size 2 1.6) (layers Front F.Paste F.Mask)
      (net 5 "Net-(C25-Pad1)"))
    (pad 2 smd rect (at 2 0 180) (size 2 1.6) (layers Front F.Paste F.Mask)
      (net 2 GND))
    (model Capacitors_SMD.3dshapes/C_1206_HandSoldering.wrl
      (at (xyz 0 0 0))
      (scale (xyz 1 1 1))
      (rotate (xyz 0 0 0))
    )
  )

  (module Capacitors_SMD:C_0603_HandSoldering (layer Back) (tedit 5571F83A) (tstamp 5549D258)
    (at 73.6346 98.6536 180)
    (descr "Capacitor SMD 0603, hand soldering")
    (tags "capacitor 0603")
    (path /553870EB)
    (attr smd)
    (fp_text reference C26 (at -1.6256 -1.7526 180) (layer B.SilkS)
      (effects (font (size 1 1) (thickness 0.15)) (justify mirror))
    )
    (fp_text value 0.1uF (at -0.0762 0 180) (layer B.Fab)
      (effects (font (size 1 1) (thickness 0.15)) (justify mirror))
    )
    (fp_line (start -1.85 0.75) (end 1.85 0.75) (layer B.CrtYd) (width 0.05))
    (fp_line (start -1.85 -0.75) (end 1.85 -0.75) (layer B.CrtYd) (width 0.05))
    (fp_line (start -1.85 0.75) (end -1.85 -0.75) (layer B.CrtYd) (width 0.05))
